33.0
0.0
10.0
0.0
0.0
0.0
2.0
0.0
5.0
12.0
2.0
0.0
0.0
0.0
1.0
5.0
0.0
0.0
5.0
20.0
6.0
0.0
0.0
12.0
5.0
0.0
0.0
0.0
0.0
0.0
0.0
0.0
0.0
0.0
0.0
0.0
4.0
0.0
1.0
0.0
9.0
0.0
0.0
0.0
0.0
0.0
0.0
3.0
0.0
1.0
2.0
0.0
1.0
1.0
16.0
0.0
1.0
4.0
7.0
1.0
0.0
10.0
3.0
13.0
4.0
4.0
6.0
1.0
1.0
5.0
6.0
2.0
1.0
2.0
2.0
2.0
1.0
1.0
1.0
7.0
1.0
1.0
3.0
1.0
1.0
1.0
5.0
2.0
1.0
1.0
5.0
2.0
4.0
1.0
1.0
2.0
1.0
1.0
1.0
2.0
2.0
2.0
2.0
2.0
2.0
1.0
1.0
1.0
77.0
2.0
1.0
1.0
1.0
1.0
2.0
5.0
2.0
1.0
1.0
1.0
1.0
3.0
1.0
1.0
1.0
2.0
1.0
1.0
1.0
1.0
1.0
1.0
2.0
1.0
1.0
1.0
1.0
1.0
2.0
1.0
2.0
2.0
1.0
